case_42 17 1.510 561207
case_43 24 0.531 197495
case_44 23 0.044 17355
case_45 23 0.204 77732
case_46 17 29.375 9699602
case_47 21 1.554 535519
case_48 22 0.370 142908
case_49 17 1.435 502761
case_50 17 4.128 1500114
case_51 24 4.551 1816762
case_52 22 0.782 302222
case_53 26 0.018 6931
case_54 25 0.052 19965
case_55 23 2.718 1079251
case_56 25 0.396 142654
case_57 22 0.702 254867
case_58 23 2.888 1174730
case_59 23 0.432 147034
case_60 23 0.079 23310
case_61 23 0.184 60791
case_62 17 17.105 5758783
case_63 23 0.967 339107
case_64 22 11.997 4336237
case_65 21 0.010 2948
case_66 21 1.331 533278
case_67 17 0.231 86782
case_68 17 0.194 76059
case_69 22 1.683 652993
case_70 23 6.630 2730068
case_71 17 79.282 28678307
case_72 24 0.283 111067
case_73 17 1.732 644740
case_74 19 0.279 112124
case_75 25 0.142 56948
case_76 19 7.091 2361791
case_77 23 0.094 33476
case_78 25 1.825 674359
case_79 17 0.151 52512
case_80 21 0.315 120909
case_81 24 0.815 324736
case_82 25 0.437 185144
case_83 17 5.436 2038508
case_84 17 0.231 81126
case_85 23 0.153 57976
case_86 24 0.021 7788
case_87 23 0.372 121682
case_88 24 0.124 50346
case_89 23 41.909 14507314
case_90 24 0.007 2126
case_91 23 0.577 228029
case_92 23 0.066 24799
case_93 22 1.579 540280
